1.300781250000000000e+00,2.858680090866982937e-04
3.902343750000000000e+00,6.632509757764637470e-04
6.503906250000000000e+00,8.827210403978824615e-04
9.105468750000000000e+00,1.167846494354307652e-03
1.170703125000000000e+01,1.536021591164171696e-03
1.430859375000000000e+01,2.008584560826420784e-03
1.691015625000000000e+01,2.611530246213078499e-03
1.951171875000000000e+01,3.376309992745518684e-03
2.211328125000000000e+01,4.340713378041982651e-03
2.471484375000000000e+01,5.549833644181489944e-03
2.731640625000000000e+01,7.057104725390672684e-03
2.991796875000000000e+01,8.925404399633407593e-03
3.251953125000000000e+01,1.122820284217596054e-02
3.512109375000000000e+01,1.405073422938585281e-02
3.772265625000000000e+01,1.749118044972419739e-02
4.032421875000000000e+01,2.166180312633514404e-02
4.292578125000000000e+01,2.669002860784530640e-02
4.552734375000000000e+01,3.271939232945442200e-02
4.812890625000000000e+01,3.991034254431724548e-02
5.073046875000000000e+01,4.844079539179801941e-02
5.333203125000000000e+01,5.850767716765403748e-02
5.593359375000000000e+01,7.032071799039840698e-02
5.853515625000000000e+01,8.411309868097305298e-02
6.113671875000000000e+01,1.001343131065368652e-01
6.373828125000000000e+01,1.186427101492881775e-01
6.633984375000000000e+01,1.399144828319549561e-01
6.894140625000000000e+01,1.642348766326904297e-01
7.154296875000000000e+01,1.918963044881820679e-01
7.414453125000000000e+01,2.231942266225814819e-01
7.674609375000000000e+01,2.584226429462432861e-01
7.934765625000000000e+01,2.978689372539520264e-01
8.194921875000000000e+01,3.418078124523162842e-01
8.455078125000000000e+01,3.904950916767120361e-01
8.715234375000000000e+01,4.441605806350708008e-01
8.975390625000000000e+01,5.030010938644409180e-01
9.235546875000000000e+01,5.671727061271667480e-01
9.495703125000000000e+01,6.367832422256469727e-01
9.755859375000000000e+01,7.118847370147705078e-01
1.001601562500000000e+02,7.924665212631225586e-01
1.027617187500000000e+02,8.784479498863220215e-01
1.053632812500000000e+02,9.696727395057678223e-01
1.079648437500000000e+02,1.065903306007385254e+00
1.105664062500000000e+02,1.166817426681518555e+00
1.131679687500000000e+02,1.272004961967468262e+00
1.157695312500000000e+02,1.380966424942016602e+00
1.183710937500000000e+02,1.493114352226257324e+00
1.209726562500000000e+02,1.607773900032043457e+00
1.235742187500000000e+02,1.724188566207885742e+00
1.261757812500000000e+02,1.841525435447692871e+00
1.287773437500000000e+02,1.958883285522460938e+00
1.313789062500000000e+02,2.075302362442016602e+00
1.339804687500000000e+02,2.189776420593261719e+00
1.365820312500000000e+02,2.301266431808471680e+00
1.391835937500000000e+02,2.408714294433593750e+00
1.417851562500000000e+02,2.511059999465942383e+00
1.443867187500000000e+02,2.607257843017578125e+00
1.469882812500000000e+02,2.696294784545898438e+00
1.495898437500000000e+02,2.777206659317016602e+00
1.521914062500000000e+02,2.849095821380615234e+00
1.547929687500000000e+02,2.911148309707641602e+00
1.573945312500000000e+02,2.962648153305053711e+00
1.599960937500000000e+02,3.002991914749145508e+00
1.625976562500000000e+02,3.031700134277343750e+00
1.651992187500000000e+02,3.048426866531372070e+00
1.678007812500000000e+02,3.052966594696044922e+00
1.704023437500000000e+02,3.045259237289428711e+00
1.730039062500000000e+02,3.025390386581420898e+00
1.756054687500000000e+02,2.993590831756591797e+00
1.782070312500000000e+02,2.950232028961181641e+00
1.808085937500000000e+02,2.895817041397094727e+00
1.834101562500000000e+02,2.830973386764526367e+00
1.860117187500000000e+02,2.756440877914428711e+00
1.886132812500000000e+02,2.673055410385131836e+00
1.912148437500000000e+02,2.581735134124755859e+00
1.938164062500000000e+02,2.483462810516357422e+00
1.964179687500000000e+02,2.379268169403076172e+00
1.990195312500000000e+02,2.270210981369018555e+00
2.016210937500000000e+02,2.157363176345825195e+00
2.042226562500000000e+02,2.041790962219238281e+00
2.068242187500000000e+02,1.924538254737854004e+00
2.094257812500000000e+02,1.806612372398376465e+00
2.120273437500000000e+02,1.688971638679504395e+00
2.146289062500000000e+02,1.572510480880737305e+00
2.172304687500000000e+02,1.458053231239318848e+00
2.198320312500000000e+02,1.346343874931335449e+00
2.224335937500000000e+02,1.238041162490844727e+00
2.250351562500000000e+02,1.133714556694030762e+00
2.276367187500000000e+02,1.033843159675598145e+00
2.302382812500000000e+02,9.388144016265869141e-01
2.328398437500000000e+02,8.489274978637695312e-01
2.354414062500000000e+02,7.643954157829284668e-01
2.380429687500000000e+02,6.853500604629516602e-01
2.406445312500000000e+02,6.118480563163757324e-01
2.432460937500000000e+02,5.438767075538635254e-01
2.458476562500000000e+02,4.813621342182159424e-01
2.484492187500000000e+02,4.241758882999420166e-01
2.510507812500000000e+02,3.721430599689483643e-01
2.536523437500000000e+02,3.250503540039062500e-01
2.562539062500000000e+02,2.826529443264007568e-01
2.588554687500000000e+02,2.446851581335067749e-01
2.614570312500000000e+02,2.108607143163681030e-01
2.640585937500000000e+02,1.808835268020629883e-01
2.666601562500000000e+02,1.544569283723831177e-01
2.692617187500000000e+02,1.312811523675918579e-01
2.718632812500000000e+02,1.110621839761734009e-01
2.744648437500000000e+02,9.351491928100585938e-02
2.770664062500000000e+02,7.836626470088958740e-02
2.796679687500000000e+02,6.535711139440536499e-02
2.822695312500000000e+02,5.424395203590393066e-02
2.848710937500000000e+02,4.480073228478431702e-02
2.874726562500000000e+02,3.681914880871772766e-02
2.900742187500000000e+02,3.010916709899902344e-02
2.926757812500000000e+02,2.449820190668106079e-02
2.952773437500000000e+02,1.983149349689483643e-02
2.978789062500000000e+02,1.597150601446628571e-02
3.004804687500000000e+02,1.279613934457302094e-02
3.030820312500000000e+02,1.019835751503705978e-02
3.056835937500000000e+02,8.083786815404891968e-03
3.082851562500000000e+02,6.375022232532501221e-03
3.108867187500000000e+02,5.000839475542306900e-03
3.134882812500000000e+02,3.899481613188982010e-03
3.160898437500000000e+02,3.024345729500055313e-03
3.186914062500000000e+02,2.332831965759396553e-03
3.212929687500000000e+02,1.789122354239225388e-03
3.238945312500000000e+02,1.364107360132038593e-03
3.264960937500000000e+02,1.034074346534907818e-03
3.290976562500000000e+02,7.792730466462671757e-04
3.316992187500000000e+02,5.837521166540682316e-04
3.343007812500000000e+02,-2.384291001362726092e-04
3.369023437500000000e+02,-9.057974675670266151e-04
3.395039062500000000e+02,-1.108093652874231339e-03
3.421054687500000000e+02,-1.694709877483546734e-03
3.447070312500000000e+02,-1.541988458484411240e-03
3.473085937500000000e+02,-2.220449736341834068e-03
3.499101562500000000e+02,-2.918508136644959450e-03
3.525117187500000000e+02,-3.929201979190111160e-03
3.551132812500000000e+02,-5.038703326135873795e-03
3.577148437500000000e+02,-6.547365803271532059e-03
3.603164062500000000e+02,-8.267088793218135834e-03
3.629179687500000000e+02,-1.052049919962882996e-02
3.655195312500000000e+02,-1.311717927455902100e-02
3.681210937500000000e+02,-1.507869176566600800e-02
3.707226562500000000e+02,-2.030337415635585785e-02
3.733242187500000000e+02,-2.496664412319660187e-02
3.759257812500000000e+02,-2.923269756138324738e-02
3.785273437500000000e+02,-3.593851625919342041e-02
3.811289062500000000e+02,-4.540866985917091370e-02
3.837304687500000000e+02,-5.486781522631645203e-02
3.863320312500000000e+02,-6.448503583669662476e-02
3.889335937500000000e+02,-7.910610735416412354e-02
3.915351562500000000e+02,-9.422761201858520508e-02
3.941367187500000000e+02,-1.101322919130325317e-01
3.967382812500000000e+02,-1.303287744522094727e-01
3.993398437500000000e+02,-1.552189588546752930e-01
4.019414062500000000e+02,-1.815579235553741455e-01
4.045429687500000000e+02,-2.096783071756362915e-01
4.071445312500000000e+02,-2.434089332818984985e-01
4.097460937500000000e+02,-2.812024354934692383e-01
4.123476562500000000e+02,-3.252939581871032715e-01
4.149492187500000000e+02,-3.721220791339874268e-01
4.175507812500000000e+02,-4.219201505184173584e-01
4.201523437500000000e+02,-4.787068367004394531e-01
4.227539062500000000e+02,-5.406825542449951172e-01
4.253554687500000000e+02,-6.100658774375915527e-01
4.279570312500000000e+02,-6.827837824821472168e-01
4.305585937500000000e+02,-7.588461637496948242e-01
4.331601562500000000e+02,-8.423044085502624512e-01
4.357617187500000000e+02,-9.308857917785644531e-01
4.383632812500000000e+02,-1.024358034133911133e+00
4.409648437500000000e+02,-1.124683618545532227e+00
4.435664062500000000e+02,-1.227014899253845215e+00
4.461679687500000000e+02,-1.330852985382080078e+00
4.487695312500000000e+02,-1.440064311027526855e+00
4.513710937500000000e+02,-1.551724553108215332e+00
4.539726562500000000e+02,-1.665095806121826172e+00
4.565742187500000000e+02,-1.781791567802429199e+00
4.591757812500000000e+02,-1.896161913871765137e+00
4.617773437500000000e+02,-2.007312059402465820e+00
4.643789062500000000e+02,-2.119045019149780273e+00
4.669804687500000000e+02,-2.227914810180664062e+00
4.695820312500000000e+02,-2.332911729812622070e+00
4.721835937500000000e+02,-2.433027029037475586e+00
4.747851562500000000e+02,-2.527267217636108398e+00
4.773867187500000000e+02,-2.617323875427246094e+00
4.799882812500000000e+02,-2.697146892547607422e+00
4.825898437500000000e+02,-2.765836715698242188e+00
4.851914062500000000e+02,-2.827759504318237305e+00
4.877929687500000000e+02,-2.879654169082641602e+00
4.903945312500000000e+02,-2.920950412750244141e+00
4.929960937500000000e+02,-2.951190710067749023e+00
4.955976562500000000e+02,-2.972796201705932617e+00
4.981992187500000000e+02,-2.980106592178344727e+00
5.008007812500000000e+02,-2.973084926605224609e+00
5.034023437500000000e+02,-2.957227945327758789e+00
5.060039062500000000e+02,-2.929937124252319336e+00
5.086054687500000000e+02,-2.891526937484741211e+00
5.112070312500000000e+02,-2.842434644699096680e+00
5.138085937500000000e+02,-2.783209323883056641e+00
5.164101562500000000e+02,-2.714504480361938477e+00
5.190117187500000000e+02,-2.640000343322753906e+00
5.216132812500000000e+02,-2.554729223251342773e+00
5.242148437500000000e+02,-2.459606647491455078e+00
5.268164062500000000e+02,-2.361359357833862305e+00
5.294179687500000000e+02,-2.258016109466552734e+00
5.320195312500000000e+02,-2.150573968887329102e+00
5.346210937500000000e+02,-2.040034770965576172e+00
5.372226562500000000e+02,-1.927387714385986328e+00
5.398242187500000000e+02,-1.813597559928894043e+00
5.424257812500000000e+02,-1.699590563774108887e+00
5.450273437500000000e+02,-1.589365124702453613e+00
5.476289062500000000e+02,-1.477579236030578613e+00
5.502304687500000000e+02,-1.364992141723632812e+00
5.528320312500000000e+02,-1.258431553840637207e+00
5.554335937500000000e+02,-1.155365228652954102e+00
5.580351562500000000e+02,-1.056303501129150391e+00
5.606367187500000000e+02,-9.616711139678955078e-01
5.632382812500000000e+02,-8.718077540397644043e-01
5.658398437500000000e+02,-7.869695425033569336e-01
5.684414062500000000e+02,-7.073324918746948242e-01
5.710429687500000000e+02,-6.329970359802246094e-01
5.736445312500000000e+02,-5.673090219497680664e-01
5.762460937500000000e+02,-5.036785006523132324e-01
5.788476562500000000e+02,-4.420305788516998291e-01
5.814492187500000000e+02,-3.887811303138732910e-01
5.840507812500000000e+02,-3.404209911823272705e-01
5.866523437500000000e+02,-2.967341840267181396e-01
5.892539062500000000e+02,-2.574769854545593262e-01
5.918554687500000000e+02,-2.223847508430480957e-01
5.944570312500000000e+02,-1.911785602569580078e-01
5.970585937500000000e+02,-1.635711193084716797e-01
5.996601562500000000e+02,-1.392722576856613159e-01
6.022617187500000000e+02,-1.179935783147811890e-01
6.048632812500000000e+02,-9.945260733366012573e-02
6.074648437500000000e+02,-8.693398535251617432e-02
6.100664062500000000e+02,-7.318237423896789551e-02
6.126679687500000000e+02,-5.791930481791496277e-02
6.152695312500000000e+02,-4.791174829006195068e-02
6.178710937500000000e+02,-3.942506387829780579e-02
6.204726562500000000e+02,-3.226498141884803772e-02
6.230742187500000000e+02,-2.625457756221294403e-02
6.256757812500000000e+02,-2.123410813510417938e-02
6.282773437500000000e+02,-1.706043258309364319e-02
6.308789062500000000e+02,-1.360626984387636185e-02
6.334804687500000000e+02,-1.075925864279270172e-02
6.360820312500000000e+02,-8.420907892286777496e-03
6.386835937500000000e+02,-6.505456753075122833e-03
6.412851562500000000e+02,-4.938704427331686020e-03
6.438867187500000000e+02,-7.436666637659072876e-03
6.464882812500000000e+02,-6.497230846434831619e-03
6.490898437500000000e+02,-2.046325244009494781e-03
6.516914062500000000e+02,-1.495809643529355526e-03
6.542929687500000000e+02,-1.065302989445626736e-03
6.568945312500000000e+02,-7.294530514627695084e-04
6.594960937500000000e+02,-4.674242518376559019e-04
6.620976562500000000e+02,-2.621888706926256418e-04
6.646992187500000000e+02,1.678617263678461313e-04
